1497543
1694375
2917784
3210217
3851927
4009926009
4009938009
4020350008
4021848009
4036240009
4037494006
4052805009
4086501007
4086535007
4086572007
4086576007
4086589007
4087046007
4087051007
4087134007
4087164007
4087168007
4087170007
4103493007
4118958009
4120593009
4120595009
4120599009
4120604009
4120606009
4120609009
4120611009
4120613009
4120618009
4120619009
4120620009
4120983009
4120985009
4121033009
4121117009
4121118009
4121283009
4128624007
4128656007
4128700007
4128748007
4128752007
4128767007
4128785007
4128860007
4129305007
4129338007
4129347007
4129420009
4129704009
4133907007
4134153007
4134156007
4134166007
4134175007
4134234007
4135093007
4135168007
4135234007
4135236007
4135260007
4135267007
4135271007
4135277007
4135929009
4135931009
4136453009
4138083007
4140263007
4140266007
4140340007
4140486007
4140679007
4140713007
4140723007
4140916009
4141002007
4144772007
4146189009
4146274009
4146782009
4163560009
4163561009
4169513009
4169515009
4169517009
4169518009
4169520009
4173712009
4173726009
4176914007
4179423009
4182514009
4182606009
4183377009
4184018007
4185105007
4187560009
4187911009
4188022009
4189743007
4191816007
4194934009
4195625009
4203330009
4203377009
4203869009
4204628009
4204908009
4204914009
4204975009
4205123009
4205246007
4205531009
4205813009
4206207009
4206416009
4206432009
4206434009
4206445009
4206471009
4206523009
4206629009
4207342007
4207463009
4207479009
4208003009
4208034009
4208336009
4208382009
4208399009
4208429009
4208451009
4208517009
4208569009
4208696009
4208746009
4208826009
4208837009
4208856009
4208896009
4209221009
4209296009
4209413009
4209465009
4209740009
4209799009
4209810009
4209828009
4209973009
4209984009
4210031009
4210085009
4210299009
4210356009
4210378009
4210728009
4210744009
4210836009
4210845009
4210858009
4210888009
4210890009
4210894009
4210900009
4210915009
4210921009
4210931009
4210942009
4210944009
4210952009
4210962009
4210971009
4210973009
4210975009
4210979009
4211669009
4211885009
4211904009
4212035009
4212182009
4212227009
4212274009
4212356009
4212410009
4212420009
4212531009
4212568009
4212596009
4212614009
4212620009
4212627009
4212631009
4212661009
4214115009
4214337009
4214342009
4214346009
4214365009
4214393009
4214427009
4214527009
4214541009
4214559009
4214581009
4214617009
4214731009
4214773009
4214933009
4214957009
4215302009
4215381009
4215807009
4216109009
4216132009
4216137009
4216147009
4217759009
4217895009
4218574009
4218663009
4218744009
4218898009
4218900009
4219369009
4221242009
4221431009
4221602009
4221929009
4222225009
4222403009
4222631009
4222760009
4223233009
4223498009
4224129002
4224514009
4226733009
4227033009
4227198009
4227271009
4227320009
4227699009
4229789009
4229971009
4230423009
4234743007
4247993007
4247996007
4248001007
4252743007
4261270007
4267265007
4289730003
4350342007
4387668007
4388180007
4388198007
4388200007
4410540006
4423394008
4431168007
4434293007
4452121006
4461444008
4461450008
4493035008
4502508008
4513122002
4525665007
4527394007
4532887008
4548335007
4568144007
4572744008
4589200006
4593216008
4595354007
4595463008
4599111
4610091006
4610158008
4613568008
4613592008
4613974007
4615518006
4615765006
4616971008
4620430004
4620636006
4621030006
4626011007
4627499006
4628420006
4628461006
4628469006
4628484006
4628554006
4628878006
4631822008
4633545007
4639034006
4639159006
4640927007
4640965007
4641822008
4647062008
4647676006
4649097006
4650714007
4651001007
4657097006
4657656006
4658125007
4658498006
4658503006
4658507006
4658744006
4659221006
4659875006
4660719006
4661458006
4661526007
4662448006
4662935006
4663168006
4663405007
4664051006
4664236006
4664329006
4665466006
4666419006
4666838006
4667020006
4667233006
4668340006
4669489006
4669581008
4669738006
4669748006
4669800006
4669998007
4670102006
4670103006
4670467006
4670468006
4670626006
4671007006
4671015006
4671138006
4671409006
4671418006
4671557006
4671640006
4671689006
4672059006
4672255006
4672363006
4672543006
4672576006
4673043006
4673045006
4673046006
4673133006
4673135006
4673416008
4673977006
4674013006
4674357006
4674661006
4677205008
4702541007
4706884007
4714156007
4715534007
4719445007
4720576008
4721339007
4725864007
4733685007
4733698007
4738660
4740808007
4741102008
4741104008
4748019007
4759203007
4761872007
4771706007
4777140007
4778843008
4782625004
4782632004
4783675008
4792341007
4799387002
4802076008
4816589007
4816590007
4820677007
4824487007
4828332
4829775007
4829946
4834059007
4855415007
4855762007
4855765007
4855766007
4866484007
4870927007
4872410007
4874931007
4884778008
4886734
4887952008
4887959008
4889396008
4892319007
4899511008
4905626007
4910581007
4911923007
4913872007
4915101007
4915842008
4915934007
4921361
4921524007
4922663007
4925509007
4926227008
4927354008
4929689008
4931772008
4931782008
4934225008
4935314008
4936629
4938432008
4938436008
4939815008
4943246008
4945720007
4945957007
4946020007
4946308008
4947500008
4947885008
4948535008
4949024007
4949027007
4949028007
4949035007
4949108008
4949335
4949336008
4949339
4950664008
4951064008
4951114007
4951696008
4951814008
4951844008
4952051008
4952079008
4964446007
4964448007
4964610008
4965218008
4968059008
4968673008
4969427008
4970811007
4971857007
4976328008
4977624008
4977626008
4978267007
4979585008
4979834008
4980238007
4980335008
4980420008
4980427008
4980430008
4980436008
4980976007
4981828008
4982193008
4983646008
4985491007
4985877008
4985920008
4986288008
4987362007
4987662008
4989788008
4989832007
4991194008
4991227007
4992015007
4992148008
4992817007
4995818
4996515007
4997091007
4997650007
4997665007
4998116007
4999244007
5004415007
5005519008
5007119007
5007620007
5007627007
5009999007
5010533007
5011910007
5012991008
5014500008
5015165007
5016171008
5016295008
5017082007
5017855007
5017903008
5018472008
5018489007
5018852007
5019152007
5019254007
5019825007
5020615007
5022072007
5022845008
5023333007
5023364007
5023394008
5024738007
5024831008
5024835008
5025591008
5025624008
5026097008
5026187008
5026955007
5027198007
5027435007
5029602007
5029686007
5029695007
5029710007
5029724007
5029725007
5030244008
5030680008
5031132007
5031628007
5031670008
5032260007
5034197007
5034450007
5034529007
5034542007
5034562008
5035168007
5035394007
5035823007
5037062007
5038150007
5039079007
5039095007
5039271007
5039369007
5040262007
5040765007
5041290008
5041299008
5041521007
5041591007
5042173007
5042174004
5042280007
5042281007
5042447008
5042875007
5042953007
5043028007
5043267007
5043288007
5043296007
5043427008
5043505008
5043530007
5044258007
5044478007
5044568007
5044898007
5044994008
5045003008
5048461002
5050372007
5050450007
5050593007
5051023007
5051027007
5054211007
5054303007
5054866007
5055446008
5055488008
5055722007
5055794007
5055794008
5056364007
5056474007
5056727007
5056778007
5057188007
5057258008
5057504007
5057505007
5057506007
5057583007
5057647008
5058191008
5058340008
5059245007
5059662007
5059796007
5061517008
5061691008
5062005007
5062400007
5062733008
5062968008
5063007008
5063200007
5063591007
5064284007
5064464007
5064503007
5064817008
5065835008
5066093007
5066977008
5066981008
5066995008
5066997008
5067100008
5068226008
5068296008
5068570008
5068617007
5069420007
5069449007
5070008007
5070042007
5070153007
5070267008
5071132008
5072140008
5072508007
5073277008
5073998008
5074052008
5074217008
5074752007
5074815008
5074908008
5074937008
5074995008
5074997008
5075047007
5075070008
5075093008
5075602007
5076109008
5076477008
5076606008
5076616008
5076754008
5076831007
5076929008
5077106008
5077806007
5077895007
5077996008
5079133008
5079188008
5079511008
5079540008
5079562008
5079916008
5080486007
5080931008
5081074007
5081188007
5082312008
5082376007
5082402008
5082424007
5082442007
5082455008
5082585007
5082756007
5083039008
5083166007
5083834007
5084056007
5084165007
5084800007
5085013007
5085014007
5085015007
5086802007
5087065007
5087511007
5088291007
5088870007
5089108007
5092459007
5092583007
5093518007
5093547008
5094828007
5095211007
5095484008
5096041008
5096276008
5096305007
5096350007
5097046008
5097067008
5097186008
5097305008
5097348008
5097450007
5097742008
5098025008
5098168007
5098273007
5098565008
5098663007
5099080008
5099163008
5099202008
5099422007
5099529007
5099596007
5099753008
5100151007
5100274008
5100613008
5100626008
5101169008
5101173008
5101187007
5101195007
5101333007
5101375007
5101378008
5101433008
5101666007
5101832008
5102058007
5102171008
5102259008
5102440008
5102665008
5102734007
5103078008
5103692007
5103788008
5104211007
5104689008
5104753008
5104754008
5104755008
5104756008
5104760008
5104945007
5105509008
5106935008
5107049007
5107091007
5107093007
5107121008
5107178007
5107193007
5107240007
5107466008
5107763008
5108024007
5108347008
5108536007
5108695008
5108817008
5108841008
5108854008
5108982008
5109135008
5109273008
5109636007
5110511008
5110558008
5111445007
5111745008
5111780007
5111783008
5111784007
5111785007
5111788007
5111789007
5111794007
5111796007
5111801007
5111802007
5111804007
5111808007
5111823007
5111824007
5111825007
5111942008
5112016007
5112018008
5112051007
5112090008
5112325007
5112486008
5112493008
5113097007
5113136007
5113224008
5113368008
5114768008
5114844007
5114845008
5114867007
5115025008
5115145008
5115884008
5115929007
5115935008
5116167008
5116274008
5116525008
5116758008
5116927008
5117581008
5117652008
5118189008
5118191008
5118287008
5118291007
5119301008
5119713008
5120512008
5121561008
5121563008
5121572008
5121912008
5122119008
5123011008
5123039008
5123082008
5123587008
5123742008
5123769008
5123819008
5123821008
5123832008
5123851008
5124882008
5125083008
5125290008
5125425008
5125881008
5126080008
5126127008
5126702008
5126762008
5127066008
5127289008
5127559008
5128198008
5128936008
5129429008
5131038008
5133070008
5133449008
5134194004
5134895008
5135028008
5135098008
5135168008
5135964008
5137183008
5137911008
5138042008
5138044008
5138099008
5138232008
5138642008
5139423008
5139654008
5139910008
5140226008
5140403008
5140405008
5140492008
5141377008
5142005008
5142110008
5142374008
5142966008
5142971008
5146028008
5146297004
5146298008
5146363008
5146999008
5147350008
5148013008
5149112008
5149802008
5150472008
5151069008
5151551008
5151916008
5151922008
5151939008
5152348008
5152379008
5153031008
5153390008
5153392008
5153511008
5153564008
5153580008
5153586008
5153588008
5153680008
5153690008
5153754008
5153761008
5153773008
5153924008
5154112008
5154345008
5154977008
5155195008
5155269008
5155391008
5156057008
5156326008
5156333008
5156596008
5157003008
5157023008
5157380008
5157844008
5157847008
5158103008
5158608008
5159608008
5159642008
5159669008
5159740008
5160180008
5160330008
5160757008
5161113008
5161882008
5161973008
5161980008
5161986008
5161988008
5162211008
5162707008
5162709008
5162846008
5163273008
5163907008
5163917008
5163925008
5164597008
5164616008
5165641008
5165651008
5165670008
5165673008
5166178008
5166519008
5167209008
5168144008
5168482008
5168829008
5169101008
5169103008
5169167008
5169670008
5169677008
5170016008
5170084008
5170235008
5171124008
5171187008
5171200008
5171624008
5171710008
5171946008
5171950008
5172245008
5172499008
5172501008
5173031008
5173722008
5173757008
5174386008
5174700008
5174743008
5174747008
5174755008
5174829008
5174857008
5175013008
5175538008
5175782008
5175891008
5175932008
5176036008
5176481008
5176570008
5177143008
5178467008
5179639004
5179769008
5181219008
5181763008
5181852008
5182430008
5182866008
5182887008
5183006008
5183044008
5183051008
5183052008
5183983008
5185501008
5185574008
5186067008
5186199008
5186518008
5186669008
5186811008
5186881008
5187208008
5187339008
5187380008
5187486008
5187914008
5188237008
5188391008
5188428008
5188431008
5188606008
5188745008
5188939008
5189011008
5189045008
5189047008
5189196008
5189848008
5190146008
5190234008
5190620008
5191226008
5191313008
5191332008
5191433008
5191437008
5191638008
5191775008
5191785008
5191833008
5191911008
5191922008
5192104008
5192373008
5192805008
5193066008
5193510008
5193973008
5193986008
5194021008
5194302008
5194529008
5194670008
5194769008
5194810008
5194827008
5194829008
5194835008
5194894008
5194899008
5195191008
5195705008
5196014008
5196015008
5196023008
5196029008
5196100008
5196219008
5196221008
5196230008
5196702008
5196721008
5199830004
5206751004
5220003004
5267749004
5283132
5313313002
5319465
5323514
5363099004
5364702004
5365729
5379537004
5400711
5408888002
5415515004
5416261
5416444
5422236004
5423044
5426468004
5426891004
5428656004
5430088004
5431123004
5432053
5445641002
5458801004
5461002004
5462100004
5468567004
5473266004
5474915004
5486716
5493086004
5495594
5496357
5501424004
5503796004
5505263004
5505818
5507088002
5511968
5520964004
5530586004
5530769004
5535187004
5542602004
5551532004
5551619004
5551649004
5551686004
5551697004
5551730004
5552522004
5552530004
5552549004
5552560004
5552580004
5553789004
5557835004
5558737004
5564202004
5565447004
5573926
5576544004
5579204004
5581254
5584791
5597121004
5601881
5607962
5608424
5609790004
5613601004
5615966004
5616193
5618829004
5620034004
5622381
5623592
5624231004
5624319004
5627916002
5633324004
5633880004
5634303004
5639559004
5646855002
5646866002
5647851004
5651744004
5658757004
5659640004
5660873004
5661583004
5676402004
5678196004
5686511004
5691886004
5691911004
5691989004
5692524004
5692525004
5692764004
5694259004
5696366004
5697641004
5698845004
5699965004
5699984004
5699991004
5701263004
5701708004
5701750004
5701765004
5702135
5703873004
5704320004
5704321004
5707881004
5707966004
5708083004
5708436004
5709020004
5709080004
5711468004
5711595004
5711913004
5718912004
5719796004
5721527004
5721644004
5722132004
5722244004
5724297004
5726252004
5727573004
5728495004
5729141004
5729844004
5731011004
5731665004
5732855004
5733639
5734303004
5735113004
5735116004
5735397004
5735407004
5735493004
5735541004
5735542004
5735853004
5736412004
5737291004
5737300004
5737701004
5740382004
5741113004
5742043004
5742916
5747183
5751681004
5752684004
5752956004
5753194004
5753209004
5755146004
5756182004
5756184004
5756186004
5759501004
5760223004
5762547004
5765913004
5765928004
5770046004
5770232004
5775517004
5775685004
5775689004
5776152004
5777101004
5777103004
5777645004
5778418004
5778796004
5780305004
5781036004
5781862004
5781928004
5782993004
5783321004
5783377004
5783812004
5787161004
5787232004
5787289004
5787320004
5788954004
5789686004
5789770004
5789886004
5790585004
5790627004
5790731004
5791111004
5791151004
5792609004
5792631004
5796302004
5796608004
5797769004
5798241
5798281004
5798406004
5798416004
5798832
5798928004
5799223004
5799234004
5799320004
5799463004
5799725004
5800118004
5800328004
5802466004
5802956004
5803347004
5803515004
5803517004
5804108004
5804110004
5806201004
5806403004
5806456004
5806749004
5806875004
5807949004
5807963004
5808568004
5808829004
5808902004
5809131004
5809895004
5810285004
5810842004
5811082004
5812567004
5813134004
5813376004
5813638004
5813865004
5813967004
5814159004
5814164004
5814274004
5814781004
5815357004
5815418004
5815467004
5816821004
5817294004
5817390004
5817394004
5817808004
5817899004
5817981004
5818163004
5818237004
5818258004
5818274004
5818378004
5818466004
5819431004
5819452004
5819455004
5819476004
5819481004
5819564004
5819866004
5819876004
5820047004
5820284004
5820658004
5820682004
5820684004
5821873004
5822583004
5822668004
5822886004
5823147004
5823422004
5823458004
5823552004
5824386004
5824403004
5824430004
5824444004
5824455004
5825462004
5825469004
5825742004
5828494004
5828518004
5829222004
5829275004
5829751004
5829884004
5829980004
5830590004
5830604004
5830640004
5831506004
5831509004
5831785004
5831836004
5831906004
5832133004
5832337004
5832366004
5832466004
5832468004
5832762004
5832775004
5832782004
5833515004
5834913004
5834919004
5834922004
5835172004
5835327004
5835673004
5835944004
5836016004
5836057004
5836060004
5836086004
5836114004
5836954004
5836962004
5837760004
5838098004
5838193004
5838487004
5838911004
5839202004
5839408004
5839419004
5839964004
5840332004
5840645004
5840805004
5841222004
5841295004
5841337004
5841387004
5841953004
5841967004
5841970004
5841978004
5841980004
5842265004
5842393004
5842463004
5842464004
5843010004
5843289004
5843333004
5843350004
5843453004
5843845004
5843910004
5844225004
5844601004
5846178004
5847980004
5847987004
5848022004
5848243004
5848322004
5848405004
5849759004
5850040004
5850044004
5850263004
5850456004
5850497004
5852028004
5852695004
5853649
5855533004
5856800004
5857695004
5857783004
5858553004
5859050004
5867562004
5868106004
5868498
5868607
5868615
5872425004
5874205004
5888354004
5891718004
5893015004
5893016004
5893109004
5893693004
5893911004
5894073004
5895430
5898477002
5900935004
5902523
5917469004
5917973
5922062004
5922987
5925905
5968713004
5968725004
5968767004
5969003004
5969046004
5969193004
5969347004
5969555004
5969647004
5969717004
5969840004
5970143004
5970215004
5970956004
5971174004
5971191004
5971203004
5971689004
5971708004
5971712004
5972046004
5972760004
5972804004
5972861004
5972922004
5972960004
5972966004
5973037004
5973312004
5973393004
5973463004
5973662004
5973909004
5973930004
5974052004
5976498004
5976613004
5976930004
5977327004
5977351004
5977359004
5978113004
5978294004
5978411004
5979496004
5979842
6009777
6009779
6016967
6020362
6046586
6046587
6046590
6046593
6046594
6049142002
6117719002
6119964
6153760
6163230
6163246
6176758
6188716
6188810
6199146
6209187
6233713
6242929
6252677
6257148
6266323003
6275509
6282403
6297179
6298781
6307160
6314003003
6318503002
6322654002
6328361002
6328388002
6330593
6348471
6348898
6356147
6356702002
6366748
6369156
6372750
6372770
6381035
6393993
6417720
6426050
6427176
6430289
6430945
6434155
6442841
6447175
6447954
6448191
6456675002
6458492
6470774
6473321
6494244
6498668003
6512321
6512326
6512586
6522009
6522720
6522736
6522747
6522755
6522865
6523631
6528593
6539277
6540163
6541183
6541229
6542119
6544325002
6544364002
6544383002
6544386002
6544403002
6544435002
6544443002
6545198
6545329
6545547002
6557318
6558076003
6558614
6562162
6567104
6567253
6569772002
6569774002
6570253
6570259
6572400
6572669
6578726
6582052
6585154
6586315
6587328
6589672
6596372
6598497003
6601414
6602436
6605599
6605601
6605602
6605604
6606581
6613516
6621615
6623406003
6630469
6632056
6633264
6640101
6645141003
6648548003
6648720003
6649865002
6651831
6651889
6652564
6660802
6664139003
6665385
6666023
6666499003
6671260
6673579
6674829
6674980
6675127
6677618003
6677658
6678201
6679259002
6679262002
6683456
6685493
6685496
6685497
6685499
6685500
6686710
6687504
6688075
6689996003
6691637
6697542
6703351
6704975002
6709301002
6709422
6716344002
6717520
6717690
6718312
6736119002
6740470
6754725
6757302
6759671002
6779084002
6779232002
6779233002
6781197
6782502
6782584
6784688
6785098
6798820
6807866
6814190
6819435
6819437
6819455
6819978
6826191
6827894
6829771
6831903
6832925
6836442
6838251
6839581
6841436
6843156
6843318
6848268
6852954
6857395
6865161
6866254
6873775
6874151
6874616
6879860
6882229
6883301
6883425
6885717
6889390
6891805
6898905
6903058
6907820
6907907
6913966
6918763002
6929125
6932491
6932499
6932501
6934200
6934210
6936060003
6936994002
6937001002
6941317
6949710
6954585002
6957204
6958985
6960503
6963453
6967304
6967732
6968954
6972536
6973841
6977663
6980179
6984814
6987968
6991269
6998241
7002181
7002335
7002763
7002974
7005605
7006089002
7006419
7008408
7011263002
7012918
7013044
7013572
7013626
7013646
7013711
7015907
7016097
7021759
7022496
7025164
7026136
7027020
7027409
7027846
7028355
7032023
7043352
7050512
7051639
7051986
7052292
7053411
7055008
7057036
7061338
7061516
7061643
7061880
7066029
7066269
7068271
7069793002
7075269
7076173
7078334
7078383
7078645
7078647
7078654
7078662
7079044
7082012
7083878
7087237
7088208
7089901
7090232
7090955
7091959
7093737
7094786
7095225
7095765
7097407
7097751
7099735
7101117
7101976
7104011
7107054
7107437
7107875
7110155
7110499002
7110509002
7111068002
7113254
7113803
7115730
7116975
7117086
7117648
7118945
7120766
7121213
7124884
7128703
7128746
7128879
7129428
7131363
7131386
7131396
7131404
7131726
7131767
7137244
7138086
7138952
7139933
7141759
7142205
7144273
7144510
7144531
7144534
7144556
7144697
7144975
7154017
7155024
7155359
7155492
7155588
7157100
7160064
7160353
7167332
7167621
7167683
7167953
7171161
7171180
7172466
7172630
7175216
7175500
7176155
7176530
7176546
7176977
7178427
7179530
7179634
7179866
7180254
7182617
7183013
7187159
7187197
7187219
7187739
7188174
7190081
7190130
7190138
7190498
7191603
7194687
7194969
7195307
7202302
7202630
7202953
7203471
7204777
7206269
7206515
7206764
7208342
7208537
7210115
7210482
7210817
7210819
7211619
7211805
7214197
7214508
7214964
7215519
7215916
7216664
7216668
7217048
7217778
7217805
7218796
7219459
7227498
7227603
7227836
7228256
7228531
7228933
7229383
7230255002
7230452
7230670
7230921
7232590
7232592
7232634
7234666
7235078
7235291
7235322
7235875
7236933
7239278
7239326
7241758
7241873
7241874
7242278
7242551
7243935
7243996
7244867
7246274
7247707
7248867
7248894
7249558
7249573
7249744
7253148
7254336
7254399
7255532
7255981
7256649
7256787
7256796
7256839
7257122
7257330
7258829
7258830
7260763
7260872
7261519
7261894
7262995
7263002
7263592
7264736
7264738
7266162
7266176
7266206
7266220
7266224
7266287
7266307
7266357
7266385
7266407
7266435
7266447
7266465
7266469
7266471
7266585
7266615
7266657
7266713
7266719
7266961
7267394
7267426
7267602
7268796
7269221
7271233
7271639
7272028
7274459002
7274488002
7274557002
7274563002
7274619002
7274624002
7274875002
7274902002
7274908002
7275868
7276195002
7276497
7276749
7277110
7277406
7278434
7280132
7280343
7282689
7283904
7285974
7285986
7286062
7286376
7287364
7288960
7288961
7289456
7290232
7290256
7290854
7291574
7292081
7292520
7293607002
7294292
7296923
7296929
7297389
7298274
7298536
7298858
7299368
7301401
7301788
7302743
7302849
7302931
7302947
7304881
7305744
7306915
7306952
7307842
7308335
7308745
7309174
7309400
7309521
7309633
7309775
7310506
7310546
7311204
7311666
7311708
7311741
7312491
7312754
7312778
7314387
7314651
7314667
7315656
7316913
7317336
7317710
7317711
7317857
7318049
7319791002
7324981
7324983
7325217
7325566
7325605
7326051
7326052
7327168
7329207
7330831002
7331319
7334661
7334895
7334938
7335143002
7335205
7335567
7336735
7337287
7337544
7337546
7338800
7338847
7339331
7339700
7340134
7340469
7340474
7340549
7340729
7340944
7340953
7340962
7340968
7340970
7340978
7340980
7340994
7341002
7341007
7341011
7341016
7341024
7341067
7341070
7341203
7341443
7341691
7343043
7343380
7343626
7343909
7344194
7345839
7346237
7346630
7346638
7346657
7347102
7347357
7347395
7348510
7348686
7348825
7349692
7350506
7350823
7350846
7353450
7353623
7353961
7354266
7354943
7355424
7355652
7356697
7357073
7357074
7357164
7357569
7358525
7358843
7358930
7359136
7359147
7359215
7360329
7360686
7361224
7361295
7361440
7361503
7361555
7362011
7362019
7362031
7362080
7362103
7362113
7362165003
7362411
7362582
7362626
7363143
7363874
7364062
7364278
7364740
7365422
7365564
7365646
7365914
7365942
7366283
7366818
7366822
7366826
7367128
7367131
7367675
7368115
7368165
7368213
7369003
7369269
7369543
7370585
7371641
7372171
7373807
7373809
7373812
7373865
7374339
7374360
7374496
7374554
7374706
7375100
7375436
7375469
7376614
7376835
7376838
7376992
7377101
7377424
7377591
7377593
7378049
7378231
7378442
7378931
7378959
7379026
7379034
7379773
7379845
7380149
7380185
7380221
7380262
7380371
7380486
7381061
7381450
7382522
7382645
7383013
7383015
7383059
7383997
7384082
7384489
7384709
7386042
7386148
7388900
7389837
7389902
7390434
7390485
7391537
7391751
7391788
7391864
7392188
7392339
7392436
7392614
7392697
7392902
7393071
7393169
7393532003
7394627
7394811
7396367
7396368
7396370
7396373
7396509
7396679
7397265
7397878
7397934
7398072
7398075
7398150
7400242
7403148
7403151
7403549
7403551
7403848
7404427
7404432
7404533
7404591
7405115
7405119
7405387
7405822
7405831
7406064
7406425
7406531
7407407
7407769
7408199
7408237
7409019
7409192
7409198
7409236
7409247
7409331
7409548
7409686
7409691
7409997
7410254
7411027
7411098
7411100
7411430
7411434
7411526
7411772
7412037
7412393
7412466
7413644
7413847
7414003
7415266
7415809
7416325
7416668
7416957
7417090
7418982
7421284
7421331
7421419
7421455
7421572
7421709
7421718
7422358
7422363
7423809
7425892
7426680
7426707
7426752
7428476
7428695
7429695
7430296
7430332
7430826
7431070
7431236
7433769
7434197
7434498
7434504
7434713
7434912
7435209
7435334
7435489
7435731
7436028
7436086
7436194
7436312
7437215
7437947
7437974
7437987
7439145
7439149
7439152
7439442002
7439531
7439569
7439573
7439746
7439830
7440232
7440341
7440363
7440429
7440560
7440643
7440789
7440935
7440963
7441057
7441440
7442122
7442186
7442876
7442877
7442995
7443996
7445210
7445398
7445425
7446310
7446340
7446392
7446449
7446931
7446950
7448861
7449072
7449128
7449831
7451366
7451383
7451574
7451609
7451701003
7451737
7452089
7452185
7452431
7452593
7452669
7453034
7453039
7453190
7453202
7453323
7453443003
7453448003
7453449003
7453456003
7453464003
7453469003
7453478003
7453479003
7453742
7454348
7454959
7455982
7456081
7456083
7456167
7456364
7456389
7457268
7457616
7457910
7458337
7458644
7458825
7458833
7459450
7460019
7460051
7460167
7460169
7460250
7460368
7461043
7461793
7461900
7461913
7462504
7462801
7462803
7462926
7462961
7463165
7463421
7463561
7463663
7463727
7463736
7463755
7463765
7463769
7463779
7463785
7463793
7463839
7463989
7464492
7465124
7465810
7465857
7466155
7466556
7466921
7467124002
7467351
7467701
7469429
7469508
7470947
7471437
7471562
7471917
7472490
7472744
7472886
7473367
7473701
7473824
7474034
7474040
7474994
7476009
7476014
7476015
7476016
7476104
7476261
7476356
7476555
7476724
7476752
7476847
7477087002
7477119
7477573
7477711
7477769
7478179
7478741
7478874
7479271
7480043
7480795
7480799
7481124
7481202
7481282
7481333
7481431
7481578
7481689
7482013
7482186
7482355
7482459
7483199
7483221
7483663003
7483707
7483724
7484033
7484052
7484250
7484453
7484657
7484699
7484841
7484912
7485770
7485977003
7486167003
7486402
7486955
7487101003
7487242
7487259
7487268
7487270
7487344
7487346
7487353
7487370
7488013
7488049
7488267
7488373
7488760
7489019
7489246
7489328
7489427
7489675
7489695
7489731
7489755
7489930
7489950
7489952
7489988
7490012
7490029
7490045
7490049
7490141
7490348
7490900
7491153
7491211
7491922
7492312
7492429
7493027
7493333
7493634
7493951
7493989003
7494048003
7494261003
7494521
7495224
7495340
7495457002
7495485
7495512
7496207
7496237
7496253
7496341
7496440
7498409003
7502768003
7503045003
7503712003
7503717003
7504375
7504381
7504487
7504955
7505582
7505637
7505982
7505995
7506821
7507778002
7507904
7508360
7508491
7508499
7508990
7510710
7511486
7511787
7511828
7511865
7511872
7511885
7512001
7512231
7513613
7513876
7513918
7513934
7514481
7514534
7514548
7514758
7514840
7514910
7515110
7515197
7515753
7515882
7515905
7516016
7516162
7516279
7516383
7517029
7517353
7517629
7517668
7517734003
7518076003
7518670
7518672
7518676
7518684
7518699
7518811
7519159
7519316
7519399
7519505
7519959003
7520030
7520032
7520051
7520106
7520115
7520116
7520215
7520327
7520542
7520618003
7520686
7520997
7521014
7521318
7521551
7522021
7522075
7522148
7522891
7523441
7523533
7523751
7523786
7523797
7523867
7523869
7523888
7523899
7523920
7523947
7523959
7524140
7524215003
7524334
7524430
7524531
7524543003
7524547003
7524662
7525295
7525300
7525370
7525479
7525715
7525971
7526029
7526134
7526356
7526372
7526467
7527365003
7527453
7527564
7527768
7527949
7528097
7528144
7528276
7528577
7528816
7528854
7529251003
7529293
7529380002
7529428
7529441
7529787
7529852
7530418
7530460
7530475
7530553
7530558
7530564
7530580
7530648
7531158
7531212
7531247
7531457
7531626003
7532256
7532262
7532267
7532277
7532498003
7532528003
7532645
7532733
7532806
7532824
7532953
7533356
7534033
7534893
7534995
7535056
7535109
7535188
7535213003
7535219
7535277
7535339
7535340
7535345
7535803
7535819003
7536051
7536402
7536447
7536458
7536597
7536654
7536920
7537163
7537470003
7537750003
7538361
7538561
7538940003
7538942003
7539100
7539106
7539152
7539429
7539771
7539870
7540062
7540410003
7540451003
7540550
7540835
7540934
7541212
7541227
7541540
7541590
7541875
7542045
7542109
7542218
7542414003
7542492
7542636
7542754
7542823
7542898
7542965
7542970
7542975
7542996
7543150
7543559
7543679
7543760
7543868
7543885
7543898
7544014
7544081
7544341
7544451
7544484003
7544485003
7544547
7545050
7545852
7546063003
7546232
7546307003
7546711003
7546712
7546721
7547171
7547204
7547361
7547537
7547552
7547572
7547596
7547599
7547626
7547715003
7547843
7547985
7548037
7548056
7548129
7548137
7548268
7548384
7548895003
7548896003
7549012
7549312
7549331
7549451003
7550090
7550140
7550154
7550345
7550357
7550590
7550934
7550951
7551166
7551178
7551186
7551285
7551322
7551324
7551589
7551646
7551660
7551863
7551946003
7552162
7552398
7552575
7552596
7553034
7553088
7553098
7553244
7553794
7553927
7554002
7554014
7554066
7554128
7554184
7554273003
7554499
7554555
7554566
7554796
7554807
7554877
7554915
7555117
7555127
7555217
7555250
7555287
7555425
7555434
7555494
7555497
7555509
7555520
7555524
7555533
7555575
7555631
7555656
7555681
7555997
7555999
7556182
7556207
7556586
7556595
7556772
7557049
7557118
7557403
7557501
7557618
7557673
7557741
7557798
7557856
7557879
7557920
7558004
7558150
7558153
7558202
7558268
7558446
7558508
7558720
7558745
7558778
7558782
7558801
7558978
7559020
7559052
7559164003
7559177003
7559181003
7559214
7559244
7559316
7559379
7559568
7559750003
7559797
7559916
7560138
7560326
7560436
7560494
7560993
7561053
7561385003
7561551
7561561
7561999
7562102
7562117
7562925
7562929
7563206
7563810003
7563987
7564110
7564181
7564234
7564316
7564364
7564387
7564587003
7564690
7564738
7564800
7564947
7565178
7565185
7565188
7565508
7565535
7565550
7565751
7565884
7566001
7566026003
7566068
7566088
7566136
7566138
7566181
7566217
7566221
7566336
7566383
7566577003
7566581003
7566671
7566807
7566827
7567087
7567394
7567456
7567520
7568082
7568117
7568328
7568452003
7568453003
7568455003
7568598003
7569229
7569605
7570230
7570250003
7571064
7571077
7571177
7571217
7571255
7571308
7571463
7571473
7571625
7572007
7572025
7572075
7572155
7572457
7572674
7572741
7572803
7572925
7573118
7573532
7573680
7573691
7573784
7573813
7573845
7573961
7574106
7574412
7574446
7574626
7574659
7574857
7574860
7574911003
7575409
7575679
7576764
7576831
7576867
7576878
7576967
7577015
7577080
7577205
7577341
7577409
7577505
7577564
7577593
7577659
7577962
7577984003
7577985003
7578036003
7578193003
7578549
7578590
7578651
7578761
7578893
7578918
7578954
7578962
7579042
7579193
7579233
7579264
7579269
7579330
7579531
7579684
7580196
7580292
7580706
7581107
7581417
7581685003
7581688003
7581790
7581839
7581867
7581876
7581914
7581969
7581996
7582021
7582038
7582150
7582157
7582169
7582318
7582679
7582681
7582813
7582899
7582917
7582998
7583071003
7583072003
7583474003
7583477003
7583553
7583609
7583617
7583815
7583834
7583904
7583994003
7583995003
7584016
7584018
7584203
7584414
7584424
7584735
7584867
7584923
7585036
7585042
7585309
7585369
7585848003
7585935
7585940
7586019
7586212
7586222
7586370
7586392
7586592
7586665003
7586690
7586840
7586879
7587086
7587151
7587179
7587254
7587256
7587257003
7587327
7587347
7587353
7587355
7587357
7587393
7587450
7587452
7587533
7587812
7587814
7587869
7587872
7587916
7587920
7588146
7588277
7588357
7588382003
7588505
7588555
7588576003
7588631
7588683
7588766003
7588828
7588895
7589006
7589011
7589195
7589400
7589432
7589442
7589637
7589781
7589895
7589897
7589978
7590145
7590298
7590429
7590481
7590542
7590547
7590566
7590587
7590615003
7590644
7590670
7590696
7590700
7590735
7590775
7591150
7591214
7591586
7591590
7591606
7591676
7591735
7591808
7591836
7591913
7592041
7592075
7592146
7592187
7592197
7592210
7592263
7592310
7592390
7592487
7592553
7592630
7592810
7593325
7593403
7593487
7593532
7593555
7593565
7593583
7593597
7593676
7593685
7593692
7593738
7593785
7593857
7593859
7594113003
7594115003
7594204
7594366
7594376
7594608
7594627
7594642
7594866
7594874
7594971
7595025
7595047
7595065
7595083
7595169
7595330
7595352
7595357
7595363
7595374003
7595379
7595407
7595422002
7596426
7597005
7597051003
7597064
7597066
7597078
7597168
7597269
7597497
7597520003
7597613
7597622
7597624
7597630003
7597631003
7597633003
7597673
7597713
7597723
7597734
7597868003
7597874
7597954
7598135003
7598136003
7598384003
7598837
7599044
7599307
7599312
7599334
7599341
7599356003
7599357003
7599358003
7599359003
7599427
7599693
7599811
7599857
7599935
7600080
7600470
7600571
7600634
7600638
7600641
7600648003
7600732
7600740
7600755
7600764
7600792
7600886
7600890003
7600891003
7601119
7601347
7601395003
7601565002
7601572002
7601580002
7601630
7601663
7601673
7601717
7601794
7601880
7602220003
7602221003
7602227003
7602229003
7602247003
7602254
7602261
7602338
7602340
7602354
7602831
7603081003
7603084003
7603196
7603577
7603595
7603606
7603643
7603685
7603763
7603848
7604011
7604101
7604153
7604195
7604203
7604226
7604228
7604302
7604327
7604422
7604432
7605233
7605735
7605743
7605887
7605945003
7606225
7606231
7606240
7606257
7606636
7606771
7606826
7607134003
7607135003
7607146
7607148
7607162003
7607210
7607358
7607468
7607491
7607493
7607508
7607540
7607540003
7607568
7607678
7607761
7607859003
7607862003
7608379003
7608396
7608791003
7608826
7608838
7608964
7608969
7609022
7609057
7609100
7609126
7609147
7609149003
7609150003
7609151003
7609156
7609195
7609291
7609292003
7609367
7609528003
7609529003
7609564
7609636
7609739
7609741
7609843
7609850
7609925
7610071
7610086
7610132
7610167
7610288
7610303
7610334
7610352
7610374
7610757003
7610758003
7611255
7611263
7611268
7611613003
7612087
7612146
7612192
7612243
7612441
7612442
7612443
7612444
7612445
7612446
7612447
7612448
7612449
7612450
7612559
7612606
7612689
7612790
7612805
7612970
7613076
7613161
7613386
7613446
7613456
7613460
7613550
7613559
7613565
7613568
7613578
7613587
7613695
7613808
7614351
7614516
7614519
7614524
7614527
7614550
7614555
7614645
7614765
7614913003
7614915003
7614916003
7614917003
7614951
7614965
7615358
7615384
7615410
7615745
7615747
7615798
7615892
7615916
7616000
7616068003
7616246
7616248
7616721
7616895
7616983
7617019
7617049
7617264003
7617363003
7617420
7617760
7617848003
7618026
7618041
7618110003
7618123003
7618184003
7618422
7618545
7618844003
7618928
7618977
7618979003
7618982003
7618988003
7618992003
7619227
7619241
7619420
7619810002
7619811002
7619925
7619927
7620323
7620390003
7620392003
7620394003
7620395003
7620498
7620909003
7620973
7621277
7621542
7621564
7621566
7621674
7621743
7622031
7622278
7622280
7622285
7622461
7622465
7622493
7623124
7623482
7623498
7624017
7624142
7624146003
7624147003
7624149003
7624398
7624405
7624552
7624667
7624677
7624679
7625030
7625229
7625516
7625545
7625836003
7625842
7626012
7626022
7626153003
7626166003
7626354003
7626356003
7626723003
7626837003
7627054
7627229
7627311
7627429
7627445
7627450
7627531
7627622
7627770
7627809003
7628240
7628395
7628750
7629052
7629141
7629288
7629344
7629597
7629633
7629642
7629688
7629690
7629729
7629758
7629805
7630034
7630152002
7630417
7630523
7630525
7630616
7630719
7631404003
7633452
7633454
7633559
7634104003
7634113
7634234003
7634485003
7634487003
7634631003
7634675
7635063
7635246
7635293
7635297
7635298
7635353
7635377
7635520
7635660003
7635667003
7635668003
7635737
7635949
7635994003
7636105003
7636202
7636291
7636353
7636498003
7636518003
7636593003
7636599003
7636604003
7637225
7637590
7638098
7638108
7638111
7638215
7638616003
7638620003
7638802003
7638810003
7638813003
7638878
7638962
7639211003
7639355
7639658003
7639823
7640020
7640343
7640344
7640776002
7640881
7640995
7641058
7641096003
7641103003
7641106003
7641107003
7641196003
7641271
7641297
7641350003
7641390002
7641414
7641422003
7641491
7641505
7641510
7641553
7641773
7641930
7642154
7642238
7642614
7642776
7642799002
7642965003
7643201002
7643551
7643703003
7643863
7643999
7644002
7644168003
7644270
7644403
7644634
7644818003
7644883
7644921
7644973
7645010
7645012
7645601
7645657
7645706
7645709
7645711
7645713
7645715
7645717
7645878
7645881
7645916
7645958
7645984
7646081
7646085
7646124
7646137
7646155
7646270
7646452
7646496
7646546003
7646578003
7646678
7646785003
7646799003
7646952
7647131
7647255
7647289002
7647319
7647353002
7647369002
7647474
7647564
7647696003
7647697003
7647708
7647849
7647962
7647982
7648413
7648454
7648611
7648669002
7648674002
7648682
7648685
7648713
7648922
7648936
7648974
7648977
7648987
7649036
7649097
7649312
7649409002
7649411002
7649414
7649441
7649470003
7649706
7649890
7649908003
7649950
7650024
7650041
7650148
7650177
7650199
7650238
7650290
7650367
7650416
7650472
7650541
7650625
7650637
7650671
7651078
7651276003
7651319003
7651321003
7651326002
7651345002
7651353002
7651386003
7651403003
7651513
7651556
7651562
7651567
7651569
7651574
7651579
7651583
7651589
7651591
7651593
7651596
7651604
7651607
7651609
7651661
7651697
7651740
7651761
7651917003
7652016002
7652053
7652233
7652275
7652487
7652528
7652631
7652742
7653008
7653015
7653021
7653064
7653142003
7653244
7653281
7653324003
7653328003
7653477
7653558
7653966
7654151
7654347002
7654349002
7654412
7654934
7654981
7655023
7655222
7655370003
7655682
7655747
7655949003
7655950003
7655958
7656004003
7656199003
7656204
7656420
7656422
7656504
7656545
7656562
7656645
7656677
7656704
7656724
7656727
7656931
7657028
7657130
7657191
7657471
7657498
7657504
7657666
7657684
7657688
7657732
7657777
7657991
7657993
7657997
7657999
7658144
7658187
7658241
7658254
7658259
7658379
7658493
7658810
7658843
7658873
7659059
7659139003
7659140003
7659456003
7659461003
7659463003
7659466003
7659471003
7659473003
7659533003
7659660
7659776
7659806
7659828003
7659831
7659834
7659848003
7659849003
7659972003
7659981
7660012003
7660048003
7660127003
7660227
7660357
7660508
7660700
7660745003
7660850003
7660857003
7660891003
7661577003
7661581003
7661608
7661621
7661622
7661623
7661624
7661633
7661700
7661765003
7661836003
7662058
7662060
7662086003
7662087003
7662222
7662244
7662329
7662344003
7662358003
7662483
7662529003
7662538
7662682003
7662684003
7662771
7662841
7662844
7662950
7663023
7663124003
7663240003
7663296
7663320
7663334
7663425
7663570003
7663580003
7663636
7663741
7663743
7663744
7663745
7663746
7663777003
7663806
7663819
7663857
7663881003
7663882003
7664059
7664184003
7664213003
7664215003
7664246003
7664279003
7664280003
7664323003
7664457003
7664549
7664582003
7664667
7664688
7664841
7665029003
7665272
7665501
7665696
7665733002
7665832002
7666070
7666093003
7666111003
7666241
7667703
7667809
7667832
7667847
7667849
7667868
7667873
7667911
7668021
7668022
7668047003
7668048003
7668049003
7668148003
7668150003
7668241
7668318
7668479
7668594
7668663003
7668700
7668989
7669081
7669111002
7669154
7669236
7669290003
7669291003
7669343003
7669366003
7669738003
7669739003
7669906
7670018
7670186
7670496
7670555003
7670724003
7670728003
7670783003
7670920
7671038
7671065003
7671066003
7671188003
7671302
7671348
7671461
7671463
7671515
7671815
7672092
7672101
7672101003
7672120003
7672168
7672303
7672364003
7672401003
7672456
7672502
7672520003
7672619
7672660
7672662
7672786003
7672804
7672820
7672822
7672856
7673017003
7673019003
7673104
7673109
7673166
7673310
7673387
7673477
7673691
7673696
7673980
7674047
7674133
7674142
7674187
7674292003
7674504003
7674619003
7674622003
7674814
7674829
7674976
7675041
7675061003
7675097
7675324002
7675661
7676166
7676176003
7676177003
7676188
7676226
7676567003
7676570003
7676714
7676724
7676796
7676921
7676967
7677212
7677216
7677358003
7677440
7677477
7677492
7677540003
7677676003
7677753
7677798
7678122003
7678147
7678193003
7678384
7678541
7678655
7678670
7678906
7678934
7678938
7679244003
7679587
7679601
7679785
7680056
7680341
7680368
7680573002
7680680003
7680681003
7680682003
7680736003
7680855003
7681127
7681159
7681215
7681220
7681300003
7681864003
7681903003
7681904003
7682021003
7682030
7682044003
7682088
7682141
7682351003
7682368003
7682459
7682735
7683009
7683013
7683153
7683163
7683174
7683226
7683461
7683484
7683686003
7683696
7683726
7683744
7683869
7684149
7684280
7684298
7684330003
7684335003
7684381003
7684391
7684568
7684757
7684830
7684833
7684983
7685049
7685092
7685123003
7685162003
7685163003
7685198
7685208
7685331003
7685460
7685551003
7685641
7685798
7685824
7685855
7685926
7686249003
7686613
7687032
7687100003
7687102003
7687193003
7687227003
7687359
7687552
7687645
7687789003
7687790003
7687791003
7687902003
7688069
7688344
7688358
7688458003
7688467
7688487003
7688488003
7688489003
7688550
7688559
7688674003
7688701
7688710
7688855
7688908
7689065
7689322
7689327
7689452
7689485
7689521
7689525
7689704003
7689814
7690641003
7691132003
7691288003
7691413003
7691495003
7691559003
7692241003
7692313
7693033
7693253
7693271
7694113
7694171003
7694248003
7694327003
7694407
7694469
7694788003
7694808003
7694827003
7694917003
7694977003
7695089003
7695090
7695144003
7695243
7695258
7695268
7695309
7695346
7695357
7695474
7695524
7695532003
7695546
7695616
7695691
7695702
7695786
7695860003
7695866003
7695952003
7696017
7696093
7696133003
7696222
7696228
7696235
7696404
7696539
7696633
7696669
7696724003
7696749003
7696760
7696761
7696762
7697003003
7697411
7697439
7697499
7697637
7697668
7697672
7697675
7697725
7697727
7697781
7697791
7697839
7697973
7698054
7698114
7698274
7698317
7698828
7698940003
7698941003
7698942003
7698943003
7698945003
7698946
7699075
7699084
7699251
7699291003
7699319003
7699321003
7699376
7699546
7699566
7699665
7699668
7699846
7699932
7699956
7700300
7700302
7700412003
7700413003
7700461
7700505
7700603
7700627
7700740
7700798003
7700814
7700915
7701049003
7701166003
7701169003
7701170003
7701297003
7701556
7701657
7701665003
7701973
7702002
7702003
7702035003
7702042
7702118003
7702128003
7702131003
7702143003
7702175
7702175003
7702181
7702330003
7702337
7702368
7702443003
7702445
7702476
7702519003
7702537003
7702596
7702644
7702685
7702922003
7702988003
7703120003
7703288
7703326
7703330
7703344
7703364
7703375003
7703380003
7703383003
7703385003
7703387003
7703400003
7703480003
7703497003
7703504003
7703553
7703696
7703750
7703909
7703911
7704173
7704320
7704399003
7704415002
7704444002
7704446002
7704660
7704663003
7704689
7704957
7705022003
7705026003
7705030003
7705084
7705262
7705358
7705398
7705401
7705412
7705443
7705474
7705477
7705493
7705601
7705603
7705692
7705877
7705901
7706094
7706215
7706338
7706355
7706906
7707077
7707091
7707100
7707158
7707299
7707345
7707521
7707601003
7707756
7707793
7707836
7707946
7707951
7707970
7707977
7708059003
7708155
7708309
7708399003
7708400003
7708401003
7708538
7708620003
7708637
7708660
7708753003
7708774003
7708776003
7708787003
7708796003
7709147
7709578
7709682003
7709709003
7709909003
7709950003
7709951003
7709952003
7710022003
7710023003
7710126003
7710158003
7710161003
7710199003
7710838003
7710839003
7710888003
7711081
7711189
7711287
7711453
7711644003
7711785
7711879
7711883
7712109
7712118
7712133
7712307
7712406
7712472
7712774
7712852
7712903
7712961
7713048
7713577
7713591
7713597
7714036
7714121
7714123
7714159
7714237
7714390
7714510
7714540
7714564
7714624
7715828
7715838
7715859
7716006
7716032
7716209
7716279
7716287
7716293
7716311
7716341
7716357002
7716377
7716465
7716679
7716808
7716912
7717035
7717198
7717258
7717350
7717412
7717540
7718295
7718488
7718773
7718947
7719060
7719083
7719329
7719366
7719512
7719561
7719602
7719763
7721005
7721092
7721155
7721171
7721178
7721193
7721430
7721533
7721575
7721591
7721650
7721659
7721661
7721759
7721766
7721834
7721906
7721912
7721981
7722032
7722100
7722115
7722117
7722119
7722122
7722465
7722482
7722537
7722641
7722705
7722938
7722940
7722941
7723227
7723234
7723466
7723638
7723662
7723776
7723819
7723988
7724030
7724155
7724202
7724385
7724481
7724783
7724784
7724789
7724793
7724823
7724828
7724877
7725038
7725256
7725620
7725670
7725834
7725948
7726034
7726050
7726055
7726495002
7726879
7726977
7727596
7727662
7727679
7727711
7727730
7727748
7727749
7727756
7727799
7727801
7727835
7727873
7727896
7727899
7727920
7727923
7727964
7727991
7728006
7728103
7728174
7728176
7728182
7728216
7728248
7728249
7728251
7728253
7728255
7728267
7728298
7728309
7728365
7728545
7728562
7728580
7728587
7728786
7728839
7728956
7728963
7728984
7729001
7729014
7729019
7729035
7729037
7729081
7729082
7729191
7729197
7729205
7729216
7729227
7729239
7729252
7729297
7729315
7729606
7729682
7729684
7729700
7729719
7729793
7729808
7729887
7729941
7730200
7730667
7730723
7731007
7731026
7731292
7731295
7731306
7731570
7731593
7731595
7731622
7731626
7731685
7731735
7731751
7731754
7731886
7731934
7732107002
7732133002
7732258
7732495
7732512
7732564
7732679
7732699
7732722
7732991
7733051
7733145
7733168
7733190
7733216
7733233
7733301
7733327
7733370
7733462
7733495
7733496
7733532
7733571
7733590
7733653
7733723
7733786
7733788
7733835
7734552
7734567
7734579
7734789
7734812002
7735001
7735247
7735254
7735255
7735274
7735303
7735439
7735455
7735459
7735671
7735682
7735781
7735836
7735929
7735965
7736004
7736028
7736115
7736144
7736158
7736162
7736164
7736169
7736171
7736176
7736184
7736191
7736201
7736372
7736431
7736482
7736489
7736521
7736544
7736547
7736569
7736609
7736640
7736653
7736659
7736663
7736669
7736718
7736720
7736722
7736738
7736767
7736809
7736943
7736964
7737041
7737124
7737197
7737233002
7737237
7737239
7737241
7737620
7738241
7738328
7738594
7738657
7738770
7738800
7738809
7738871
7738873
7738877
7738878
7738880
7738881
7738938
7738964
7739096
7739104
7739207
7739211
7739249
7739260
7739337
7739361
7739375
7739482
7739518
7739529
7739531
7739577
7739715
7739745
7739837
7739908
7740057
7740174
7740202
7740208
7740341
7741106
7741181
7741187
7741190
7741203
7741588
7741663
7741833
7742347
7742406
7742547
7742552
7742563
7742566
7742585
7742598
7742662
7742721
7742729
7742739
7742773
7742781
7742784
7742798
7742834
7742838
7742875
7742877
7743006
7743177
7743191
7743202
7743247
7743304
7743307
7743311
7743339
7743366
7743369
7743371
7743373
7743374
7743514
7743622
7743690
7743704
7743713
7743714
7743718
7743754
7743780
7743783
7743836
7743848
7743879
7743897
7743899
7743901
7743948
7743959
7743974
7744015
7744089
7744147
7744225
7744247
7744296
7744298
7744344
7744352
7744398
7744404
7745062
7745694
7745705
7745714
7745716
7745723
7745775
7745817
7745837
7745890
7745949
7746158
7746286
7746329
7746430
7746436
7746448
7746464
7746467
7746479
7746488
7746586
7746608
7746616
7746621
7746692
7746718
7746721
7746735
7746888
7746909
7746997
7747026
7747038
7747046
7747112
7747175
7747178
7747259
7747274
7747324
7747377
7747391
7747440
7747534
7747550
7747554
7747631
7747638
7747640
7747699
7747713
7747728
7747829
7747831
7748114
7748374
7748462
7748516
7748520
7748617
7748719
7748727
7748767
7748867
7748959
7748961
7748964
7748975
7749122
7749222
7749232
7749339
7749540
7749567
7750025
7750279
7750751
7750768
7751222
7751573
7751595
7751786
7752299
7752492
7754299
7754354
7754379
7755116
7755119
7755317
7755622
7755758
7756494
7756601
7756712
7756870
7756883
7756937
7756975
7757097
7757113
7757160
7757167
7757552
7757745
7757771
7758273
7758279
7758337
7758529
7758574
7758610
7758790
7758827
7759059
7759113
7759201
7759325
7759368
7759383
7759475
7759526
7759585
7759602
7759713
7759744
7759747
7759805
7759823
7759827
7759850
7759869
7759873
7759965
7760047
7760077
7760217
7760222
7760225
7760228
7760341
7760411
7760450
7760751
7760773
7760847
7760903
7760914
7761021
7761063
7761103
7761131
7761259
7761269
7761342
7761378
7761397
7761468
7761694
7761803
7762279
7762324
7762531
7762552
7762570
7762722
7762866
7763001
7763117
7763274
7763307
7763314
7763331
7763345
7763623
7763676002
7764790
7764794
7764796
7764800
7764810
7764818
7764820
7764822
7764827
7764834
7764914
7765245
7765500
7765523
7765582
7765866
7765976
7765981
7766076
7766100
7766177
7766179
7766209
7766266
7766302
7766379
7766453
7766506
7766513
7766533
7766542
7766569
7766573
7766600
7766602
7766695
7766808
7766813
7766869
7767037
7767038
7767063
7767151
7767185
7767222
7767260
7767281
7767289
7767312
7767652
7767668
7767673
7767686
7767688
7767690
7767720
7767743
7767766
7767865
7767867
7767908
7767914
7767916
7768018
7768019
7768132
7768162
7768237
7768249
7768265
7768269
7768427
7768446
7768456
7768460
7768472
7768480
7768567
7768645
7768655
7768699
7768826
7768834
7768847
7768865
7768901
7768922
7768924
7768979
7769074
7769177
7769284
7769285
7769341
7769397
7769441
7769513
7769619
7769639
7769649
7769702
7769758
7769760
7769785
7769825
7769905
7769924
7769926
7769929
7769989
7770023
7770160
7770733
7771263
7771666
7771673
7771677
7771679
7771684
7771690
7772239
7772329
7772602
7772609
7772685
7772687
7772844
7772907
7773090
7773093
7773210
7773213
7773216
7773373
7773376
7773408
7773411
7773428
7773458
7773461
7773463
7773483
7773503
7773553
7773614
7773621
7773769
7773787
7773799
7773805
7773831
7773954
7774051
7774143
7774153
7774234
7774285
7774312
7774364
7774534
7774592
7774717
7774918
7774948
7775023
7775064
7775125
7775314
7775422
7775427
7775772
7775812
7775832
7776028
7776048
7776072
7776121
7776179
7776249
7776330
7776372
7776413
7776451
7776476
7776627
7776637
7776640
7776649
7776659
7776839
7777384
7777476
7777478
7777514
7777798
7777832
7778618
7778620
7778627
7778639
7778643
7778664
7778684
7778747
7778757
7778796
7778816
7778849
7778941
7778956
7778975
7778978
7778984
7778985
7779013
7779016
7779026
7779032
7779037
7779094
7779151
7779191
7779195
7779196
7779207
7779294
7779497
7779504
7779540
7779543
7779561
7779563
7779598
7780256
7781098
7781274
7781652
7781657
7781671
7781674
7781724
7781856
7781874
7781876
7781934
7781953
7782047
7782224
7782308
7782383
7782425
7782435
7782450
7782508
7782510
7782533
7782588
7782662
7782697
7782752
7782773
7782805
7782814
7782909
7782910
7782969
7783116
7783158
7783160
7783164
7783238
7783514
7784246
7784353
7784594
7784606
7784963
7785202
7785250
7785252
7785317
7785319
7785321
7785350
7785530
7785551
7785650
7785860
7786068
7786156
7786209
7786218
7786375
7786395
7786402
7786432
7786702
7786900
7787464
7787598
7787623
7787715
7788088
7788160
7788225
7788244
7788387
7788968
7789040
7789100
7789182
7789198
7789256
7789289
7789312
7789395
7789399
7789404
7789528
7789535
7789539
7789554
7789822
7790048
7790065
7790098
7790108
7790355
7790430
7790433
7791232
7791296
7791332
7791397
7791590
7791676
7791786
7792010
7792033
7792458
7792671
7792698
7792709
7792839
7792924
7792926
7792962
7792993
7792997
7793013
7793061
7793069
7793089
7793172
7793255
7793270
7793281
7793359
7793391
7793581
7793600
7793612
7793634
7793636
7793661
7793818
7793861
7793903
7793990
7793993
7794016
7794027
7794029
7794117
7794297
7794401
7794806
7795191
7795681
7795864
7795869
7796003
7796082
7796112
7796141
7796336
7796471
7796981
7797180
7797654
7797656
7797798
7797801
7797931
7798047
7798049
7798052
7798149
7798174
7798319
7798342
7798672
7799138
7799240
7799344
7799503
7799864
7799902
7800289
7800408
7800409
7800765
7801457
7802210
7802531
7802906
7803071
7803166002
7803551
7803735
7804276
7804290
7804725
7804736
7804749
7804754
7804765
7804941
7805001
7805145
7805150
7805163
7805688
7806010
7806043
7806117
7806547
7807174
7807286
7807408
7807664
7807722002
7807737
7807739
7807756
7807758
7807760
7807783
7807860
7807916
7808044
7808063
7808219
7808221002
7808299
7808464
7808471
7808662
7808755
7808839
7809318
7809348
7809397
7809414
7809909
7810108
7810205
7810544
7811237
7811272002
7811321
7811450
7811452
7811458
7811498
7811537
7811620
7811662
7811695
7811696
7811848
7811852
7811868
7811935
7811956
7811960
7811967
7812015
7812048
7812112
7812160
7812163
7812192
7812209
7812235
7812272
7812279
7812284
7812346
7812348
7812397
7812407
7812422
7812499
7812801
7812855
7812856
7812965
7812997
7813000
7813002
7813069
7813123
7813129
7813141
7813174
7813302
7813304
7813755
7813822
7813942
7813945
7814181
7814357
7814510
7814866002
7814928
7814952
7814967
7814972
7815282
7815365
7815384
7815410
7815430
7815441
7815442
7815443
7815444
7815447
7815483
7815510
7815571
7815583
7815603
7815616
7815617
7815619
7815625
7815677
7815679
7815692
7815723
7815725
7815794
7815804
7815835
7815846
7815865
7816000
7816068
7816070
7816129
7816246
7816389
7816451
7816547
7816559
7817040
7817284
7817562
7817598
7817755
7817793
7817923
7817934
7817941
7817971
7818178
7818210
7818248
7818253
7818255
7818279
7818327
7818331
7818435
7818508
7818510
7818569
7818577
7818635
7818642
7818744
7818802
7818804
7818807
7818811
7818817
7818869
7818915
7818930
7818947
7818982
7819012
7819015
7819059
7819163
7819280
7819293
7819420
7819432
7819441
7819476
7819478
7819484
7819544
7819546
7819582
7819794
7820186
7820448
7820696
7820814
7820817
7820898
7821041
7821048
7821110
7821252
7821281
7821316
7821318
7821378
7821462
7821487
7821489
7821526
7821587
7821631
7821640
7821646
7821726
7821758
7821763
7821767
7821769
7821773
7821776
7821803
7821913
7821930
7822049
7822078
7822560
7822587
7822643
7822659
7822668
7822751
7822781
7822824
7822831
7822857
7822882
7822885
7822906
7823081
7823561002
7823588
7824008
7824139
7824143
7824375
7824612
7825532
7825561
7825698
7825805
7825961
7826031
7826072
7826075
7826176
7826266
7826343
7826362
7826394
7826456
7826565
7826679
7826742
7826757
7826761
7826765
7826822
7826880
7826916
7827182
7827219
7827230
7827238
7829111
7829123
7829707
7830335
7830505
7830989
7831409
7831414
7831559
7832067
7832098
7832218
7832247
7832573
7832984
7833126
7833425002
7833457
7833575
7833599
7833626
7833628
7833771
7833794
7833796
7833806
7833865
7833882
7833886
7833918
7833952
7833997
7834026
7834031
7834116
7834118
7834234
7834248
7834336
7834352
7834481
7834545
7834628
7834688
7834951
7834975
7835609
7835625
7835693
7836027
7836049
7836059
7836453
7836990
7837073
7837084
7837168
7837170
7837184
7837198
7837204
7837212
7837229
7837388
7837394
7837400
7837404
7837406
7837410
7837448
7837577
7837666
7837785
7837873
7838275
7838282
7838437
7838528
7838530
7838533
7838696
7838837
7838936
7838938
7839053
7839183
7839237
7839260
7839344
7839474002
7839711
7839714002
7839823
7841080002
7841395
7841757
7841782002
7841999
7842665
7842941
7842962
7843096
7843097
7843483
7843744
7845320002
7845334002
7851145002
7856268002
7859177002
7859597002
7863365002
7863522002
7872746002
7874145002
7876192002
7882009002
7885159002
7896350002
7896551002
7897431002
7898766002
7899565002
7902935002
7902994002
7924423002
7925173002
7925560002
7929994002
7930603002
7932024002
7932280002
7934398002
7934466002
7934782002
7938410002
7939784002
7953217002
7953219002
7958676002
7958688002
7958967002
7958982002
7959180002
7962890002
7966411002
7978187002
7979523002
7984907002
7987658002
7993609002
7994759002
7994770002
7994790002
7994801002
8003987002
8006984002
8007203002
8007563002
8007648002
8007670002
8008235002
8011326002
8012650002
8012658002
8012691002
8012800002
8012803002
8012809002
8012814002
8012818002
8012831002
8013809002
8024004002
8024702002
8025494002
8026632002
8026634002
8026646002
8026734002
8027404002
8029666002
8029671002
8029674002
8029676002
8029677002
8029679002
8032546002
8035517002
8040989002
8041698002
8041821002
8045208002
8051883002
8054750002
8055077002
8055182002
8066812002
8073294002
8073329002
8074439002
8074772002
8074909002
8074910002
8074913002
8081658002
8085877002
8091041002
8093293002
8093295002
8099342002
8099343002
8099751002
8103500002
8106949002
8106987002
8107166002
8112504002
8112880002
8114836002
8121830002
8124042002
8124973002
8125173002
8133691002
8133727002
8136071002
8136204002
8136321002
8136954002
8137000002
8137148002
8139277002
8141068002
8144041002
8145800002
8148273002
8151567002
8155422002
8157520002
8157922002
8159838002
8161491002
8162197002
8162222002
8168293002
8174261002
8176503002
8177757002
8177912002
8178287002
8178536002
8178537002
8178538002
8178541002
8178542002
8180690002
8181687002
8182383002
8183064002
8183195002
8183320002
8183360002
8184634002
8184975002
8185059002
8185502002
8186269002
8186386002
8187999002
8190108002
8190428002
8190775002
8191741002
8192404002
8193165002
8193347002
8194495002
8194599002
8194862002
8194864002
8194912002
8194918002
8195921002
8196585002
8196833002
8198217002
8198484002
8198574002
8199399002
8199401002
8200009002
8200010002
8200284002
8200328002
8200376002
8200462002
8200547002
8200692002
8201686002
8201768002
8202196002
8202270002
8202670002
8202698002
8202700002
8204135002
8206138002
8207910002
8210381002
8210383002
8210937002
8211450002
8211452002
8211634002
8211647002
8211648002
8211957002
8213586002
8213983002
8214127002
8214177002
8215660002
8215661002
8215666002
8215862002
8217266002
8218286002
8219791002
8219793002
8219795002
8220814002
8220836002
8220902002
8220993002
8221491002
8223325002
8223331002
8224683002
8224828002
8227562002
8227567002
8229672002
8229760002
8230258002
8231134002
8231231002
8231379002
8233899002
8234126002
8235785002
8236022002
8237737002
8237738002
8239195002
8240009002
8240507002
8241191002
8243219002
8245138002
8245153002
8249658002
8249884002
8249885002
8249892002
8250195002
8277580002
8284690002
8285292002
8285493002
8285949002
8286103002
8287372002
8287373002
8287419002
8289737002
8289766002
8289850002
8289852002
8290810002
8290839002
8291077002
8292287002
8294304002
8294402002
8295622002
8295772002
8295792002
8297797002
8298018002
8298108002
8298163002
8298247002
8298792002
8299493002
8299907002
8299930002
8299931002
8299937002
8300574002
8301830002
8302578002
8303014002
8303015002
8303017002
8303020002
8304653002
8304659002
8304674002
8304684002
8304688002
8306218002
8307799002
8307835002
8307841002
8307843002
8307849002
8307850002
8307869002
8307954002
8308007002
8308045002
8308049002
8308069002
8308328002
8308452002
8308566002
8309135002
8309177002
8309484002
8310523002
8313972002
8316258002
8318257002
8320126002
8320183002
8320187002
8321575002
8322470002
8322733002
8323992002
8324132002
8324767002
8324822002
8324875002
8325266002
8325452002
8326233002
8326513002
8326570002
8326610002
8327905002
8327961002
8328632002
8328675002
8328817002
8329539002
8330188002
8330487002
8330492002
8330495002
8330506002
8330519002
8331196002
8332016002
8332382002
8332463002
8332835002
8334299002
8334413002
8334695002
8334735002
8334738002
8334754002
8335440002
8335456002
8335464002
8335470002
8335473002
8335860002
8336548002
8337355002
8337357002
8337359002
8337361002
8337367002
8337429002
8339005002
8339037002
8339221002
8339252002
8339277002
8339283002
8339287002
8340837002
8340994002
8341311002
8341313002
8341795002
8341810002
8341835002
8342265002
8342273002
8342738002
8342899002
8343384002
8343612002
8344063002
8344077002
8344197002
8345060002
8345061002
8345062002
8345074002
8345186002
8345599002
8345959002
8346076002
8346099002
8346277002
8346287002
8346291002
8346295002
8346305002
8346832002
8347186002
8347862002
8347880002
8347882002
8347884002
8349098002
8349357002
8349417002
8349447002
8349751002
8350611002
8350956002
8350959002
8351258002
8352070002
8353049002
8353181002
8353240002
8353246002
8353248002
8353757002
8356289002
8356420002
8357216002
8357604002
8358895002
8359170002
8359439002
8360067002
8360215002
8360326002
8362117002
8362199002
8362697002
8362888002
8363094002
8363353002
8366595002
8366850002
8367019002
8367021002
8367022002
8367023002
8367549002
8367552002
8367553002
8367554002
8367942002
8368003002
8368205002
8368209002
8369229002
8369239002
8369497002
8369609002
8371252002
8371312002
8371412002
8371717002
8372597002
8372627002
8372631002
8372636002
8373431002
8373535002
8373553002
8374096002
8374611002
8374717002
8374797002
8374883002
8374884002
8375176002
8375225002
8375567002
8376377002
8376956002
8377133002
8377248002
8377280002
8377539002
8378424002
8378792002
8378840002
8379150002
8380680002
8380681002
8381352002
8382253002
8382689002
8382691002
8382743002
8383200002
8384041002
8384388002
8384595002
8385137002
8385173002
8385180002
8385181002
8385193002
8385195002
8385230002
8385234002
8387085002
8388585002
8389421002
8389657002
8389856002
8390044002
8390148002
8390456002
8390460002
8390632002
8391234002
8391630002
8391632002
8391865002
8391889002
8392406002
8392990002
8393272002
8393330002
8393494002
8393510002
8393583002
8393728002
8394014002
8394060002
8395068002
8395112002
8395963002
8396231002
8396314002
8396678002
8396801002
8396813002
8396815002
8396927002
8397280002
8397325002
8397385002
8397493002
8397501002
8397550002
8397552002
8397558002
8397564002
8397578002
8398180002
8398191002
8398586002
8398599002
8398611002
8398741002
8399385002
8399389002
8399456002
8399551002
8399566002
8399878002
8400281002
8400423002
8400447002
8400497002
8400505002
8400507002
8400553002
8400559002
8400563002
8400588002
8400738002
8400745002
8400765002
8400845002
8400855002
8400999002
8401077002
8401114002
8401173002
8401209002
8401220002
8401771002
8401813002
8401984002
8402166002
8402168002
8402259002
8402493002
8402547002
8402610002
8402615002
8402617002
8402622002
8402852002
8402931002
8403001002
8403004002
8403065002
8403069002
8403500002
8403550002
8403943002
8404559002
8404999002
8405007002
8405075002
8405083002
8405118002
8405827002
8405831002
8407031002
8407181002
8407183002
8407197002
8407479002
8407527002
8407645002
8407814002
8407863002
8407891002
8407895002
8407911002
8407915002
8407919002
8407921002
8407925002
8408228002
8408233002
8408817002
8409005002
8409019002
8409021002
8409034002
8409447002
8410087002
8412983002
8412993002
8413308002
8414252002
8414266002
8414470002
8414654002
8414661002
8414753002
8414773002
8414933002
8414978002
8415021002
8415023002
8415095002
8415130002
8415203002
8416331002
8416920002
8416951002
8416959002
8416978002
8417166002
8417224002
8417647002
8417656002
8417705002
8417773002
8417827002
8418604002
8419048002
8419050002
8419220002
8419598002
8419752002
8419875002
8420607002
8420609002
8420669002
8421122002
8421570002
8421611002
8421613002
8421617002
8421894002
8422477002
8422481002
8422483002
8422484002
8422506002
8422556002
8422578002
8422588002
8422978002
8423158002
8423165002
8423167002
8423296002
8423428002
8423889002
8424809002
8425303002
8425775002
8425895002
8425925002
8425967002
8426105002
8426107002
8426273002
8427016002
8427940002
8427954002
8428818002
8428820002
8428843002
8428880002
8428882002
8428928002
8428989002
8429692002
8429792002
8429809002
8429843002
8429978002
8430182002
8430196002
8430197002
8430501002
8430621002
8430632002
8430789002
8430837002
8430926002
8431457002
8431459002
8431545002
8431671002
8431927002
8431931002
8431933002
8431935002
8431973002
8431976002
8432221002
8432235002
8432255002
8432262002
8432266002
8432305002
8432614002
8432615002
8432616002
8432698002
8432702002
8432703002
8432707002
8432922002
8433461002
8433470002
8433514002
8433546002
8433583002
8433764002
8433840002
8433915002
8433948002
8433977002
8434162002
8434190002
8434243002
8434245002
8434323002
8434341002
8434385002
8434389002
8434432002
8434442002
8434443002
8434444002
8434446002
8434450002
8434451002
8434452002
8434467002
8435065002
8435078002
8435521002
8435968002
8435970002
8436336002
8436527002
8436528002
8436530002
8436531002
8436538002
8436589002
8436694002
8436793002
8436912002
8437000002
8437006002
8437008002
8437010002
8437014002
8437016002
8437024002
8437026002
8437028002
8437032002
8437034002
8437076002
8437148002
8437289002
8437301002
8437302002
8437449002
8437749002
8437754002
8437997002
8438033002
8438042002
8438124002
8438265002
8438281002
8438286002
8438296002
8438547002
8438580002
8438581002
8438582002
8438584002
8438643002
8438729002
8438763002
8438767002
8438773002
8438779002
8438797002
8438803002
8438914002
8438928002
8438930002
8438952002
8438983002
8439047002
8439078002
8439170002
8439174002
8439176002
8439178002
8439180002
8439182002
8439300002
8439348002
8439350002
8439470002
8439679002
8439683002
8439712002
8439830002
8439888002
8439913002
8439924002
8439927002
8439929002
8440156002
8440164002
8440216002
8440390002
8440430002
8440900002
8440902002
8440967002
8440979002
8440982002
8440985002
8441047002
8441115002
8441116002
8441719002
8441857002
8441860002
8441862002
8441865002
8441867002
8441871002
8441873002
8441879002
8441884002
8441888002
8441890002
8441892002
8441894002
8442494002
8442498002
8442932002
8442934002
8442976002
8443082002
8443090002
8443192002
8443296002
8443298002
8443302002
8443325002
8444398002
8444411002
8444598002
8444770002
8445046002
8445189002
8445198002
8445200002
8445202002
8445206002
8445208002
8445213002
8445379002
8445406002
8445410002
8445423002
8445428002
8445507002
8445560002
8445575002
8445628002
8445630002
8445676002
8445723002
8445817002
8446027002
8446569002
8446669002
8446714002
8446736002
8446791002
8446912002
8447171002
8447216002
8447318002
8447477002
8448283002
8448368002
8448671002
8448693002
8448942002
8448961002
8449206002
8449354002
8449356002
8449358002
8449360002
8449457002
8449459002
8449463002
8449468002
8449472002
8449530002
8449617002
8449627002
8449763002
8449838002
8449848002
8449852002
8449856002
8449858002
8449860002
8449862002
8449895002
8449936002
8450205002
8450207002
8450209002
8450293002
8450411002
8450446002
8450551002
8450578002
8450580002
8450648002
8451296002
8451512002
8451791002
8451859002
8451971002
8451987002
8451992002
8451994002
8452035002
8452167002
8452256002
8452278002
8452328002
8452392002
8452394002
8452396002
8452487002
8452871002
8452897002
8452933002
8452994002
8453087002
8453230002
8453239002
8453241002
8453290002
8453338002
8453347002
8453396002
8453527002
8453568002
8453652002
8453690002
8453694002
8453696002
8453717002
8454380002
8455005002
8455014002
8455054002
8455203002
8455252002
8455304002
8455556002
8455621002
8455737002
8455750002
8455943002
8455972002
8456064002
8456187002
8456237002
8456277002
8456283002
8456404002
8456500002
8456948002
8456965002
8456966002
8456969002
8456973002
8456975002
8457000002
8457029002
8457076002
8457089002
8457140002
8457249002
8457315002
8457320002
8457349002
8457370002
8457413002
8457415002
8457417002
8457478002
8457578002
8457640002
8457703002
8457711002
8457715002
8457963002
8458009002
8458010002
8458011002
8458022002
8458025002
8458032002
8458134002
8458263002
8458710002
8458726002
8458842002
8459026002
8459031002
8459033002
8459035002
8459037002
8459132002
8459145002
8459320002
8459580002
8459584002
8459682002
8459906002
8459908002
8459910002
8460203002
8460436002
8460791002
8460843002
8460867002
8460871002
8460875002
8461154002
8461156002
8461158002
8461163002
8461168002
8461193002
8461218002
8461219002
8461220002
8461222002
8461226002
8461239002
8461241002
8461243002
8461245002
8461251002
8461258002
8461321002
8461323002
8461325002
8461326002
8461327002
8461328002
8461330002
8461333002
8461442002
8461444002
8461446002
8461448002
8461469002
8461476002
8461524002
8461584002
8461594002
8461597002
8461598002
8461599002
8461600002
8461601002
8461603002
8461866002
8462011002
8462013002
8462016002
8462235002
8462414002
8462482002
8462697002
8462811002
8462910002
8462924002
8462925002
8462929002
8462945002
8462967002
8462980002
8463028002
8463138002
8463169002
8463179002
8463696002
8463699002
8463702002
8463703002
8463704002
8463880002
8463917002
8463922002
8463933002
8463951002
8464072002
8464417002
8464558002
8464608002
8464634002
8464864002
8465003002
8465021002
8465041002
8465048002
8465093002
8465206002
8465229002
8465264002
8465312002
8465314002
8465346002
8465401002
8465439002
8465712002
8465754002
8465912002
8465963002
8465989002
8466009002
8466038002
8466042002
8466415002
8466422002
8466426002
8466470002
8466584002
8466586002
8466731002
8466809002
8466813002
8466851002
8466886002
8466925002
8466930002
8466985002
8467083002
8467098002
8467119002
8467165002
8467198002
8467363002
8467462002
8467681002
8467703002
8467714002
8467743002
8467755002
8467938002
8468166002
8468332002
8468373002
8468436002
8468440002
8468476002
8468545002
8468556002
8468566002
8468673002
8468678002
8468739002
8468801002
8468904002
8469396002
8469834002
8469836002
8469967002
8470002002
8470087002
8470125002
8470516002
8470670002
8470694002
8470713002
8470752002
8470854002
8471711002
8471717002
8471719002
8471736002
8471742002
8471923002
8472164002
8472178002
8472287002
8472398002
8472427002
8472475002
8472526002
8472572002
8472632002
8472633002
8472634002
8472635002
8472697002
8472732002
8472733002
8473112002
8474353002
8474673002
8474904002
8474923002
8475077002
8475180002
8475182002
8475270002
8475316002
8475403002
8475544002
8475589002
8475632002
8475657002
8475776002
8475779002
8475831002
8475871002
8475881002
8476061002
8476064002
8476327002
8476328002
8476363002
8476375002
8476378002
8476380002
8476382002
8476391002
8476399002
8476403002
8476410002
8476423002
8476485002
8476496002
8476500002
8476506002
8476543002
8476581002
8476671002
8476833002
8476852002
8477068002
8477312002
8477314002
8477424002
8477485002
8477492002
8477507002
8477508002
8477547002
8477658002
8477727002
8477735002
8477935002
8478014002
8478204002
8478359002
8478364002
8478372002
8478385002
8478405002
8478614002
8478618002
8478702002
8478779002
8478897002
8479022002
8479024002
8479027002
8479029002
8479031002
8479034002
8479036002
8479051002
8479067002
8479400002
8479595002
8479805002
8479923002
8480047002
8480050002
8480100002
8480189002
8480190002
8480283002
8480358002
8480412002
8480478002
8480531002
8480544002
8480547002
8480551002
8480559002
8480565002
8480580002
8480604002
8480642002
8480646002
8480815002
8480817002
8480878002
8481029002
8481096002
8481436002
8481626002
8481645002
8481698002
8481717002
8481719002
8481886002
8481922002
8481929002
8481945002
8481958002
8482037002
8482053002
8482064002
8482086002
8482144002
8482177002
8482186002
8482236002
8482268002
8482269002
8482270002
8482335002
8482366002
8482368002
8482372002
8482390002
8482392002
8482393002
8482406002
8482697002
8482699002
8482744002
8483227002
8483245002
8483407002
8483526002
8483613002
8483614002
8483615002
8484011002
8484048002
8484052002
8484753002
8485238002
8485286002
8485307002
8485352002
8485385002
8485386002
8485388002
8485404002
8485406002
8485471002
8485506002
8485738002
8485778002
8485895002
8485920002
8485955002
8486069002
8486224002
8486405002
8486484002
8486738002
8486945002
8487145002
8487325002
8487457002
8488098002
8488151002
8488188002
8488207002
8488222002
8488243002
8488275002
8488309002
8488396002
8488399002
8488552002
8488912002
8488961002
8488966002
8489126002
8489179002
8489184002
8489189002
8489240002
8489268002
8489272002
8489286002
8489288002
8489365002
8489530002
8489550002
8489897002
8490129002
8490171002
8490274002
8490282002
8490327002
8490352002
8490404002
8490406002
8490415002
8490421002
8490423002
8490424002
8490428002
8490430002
8490432002
8490434002
8490435002
8490439002
8490451002
8490453002
8490454002
8490455002
8490457002
8490459002
8490460002
8490461002
8490466002
8490468002
8490473002
8490477002
8490482002
8490483002
8490491002
8490492002
8490528002
8490579002
8490649002
8490701002
8490772002
8490778002
8490814002
8490858002
8491082002
8491126002
8491677002
8491743002
8491947002
8492085002
8492141002
8492158002
8492328002
8492387002
8492393002
8492425002
8492431002
8492798002
8492933002
8492946002
8492948002
8493002002
8493033002
8493045002
8493078002
8493140002
8493170002
8493436002
8493565002
8493663002
8493665002
8493679002
8493722002
8493724002
8493729002
8493787002
8493814002
8493911002
8493970002
8494064002
8494067002
8494107002
8494108002
8494128002
8494130002
8494137002
8494138002
8494142002
8494143002
8494144002
8494145002
8494146002
8494147002
8494148002
8494149002
8494153002
8494154002
8494155002
8494156002
8494196002
8494207002
8494242002
8494244002
8494245002
8494393002
8494593002
8494601002
8494658002
8494811002
8494815002
8495065002
8495067002
8495071002
8495303002
8495712002
8495718002
8495825002
8495826002
8495832002
8495833002
8495834002
8495855002
8495859002
8496009002
8496031002
8496033002
8496092002
8496177002
8496220002
8496227002
8496445002
8496880002
8497024002
8497063002
8497108002
8497125002
8497284002
8497292002
8497359002
8497488002
8497527002
8497614002
8497728002
8497791002
8497793002
8497852002
8498354002
8498481002
8498707002
8498854002
8498984002
8499054002
8499094002
8499378002
8499380002
8499382002
8499435002
8499450002
8499584002
8499585002
8499587002
8499608002
8499647002
8499907002
8500092002
8500102002
8500103002
8500190002
8500326002
8500478002
8500532002
8500534002
8500582002
8500726002
8500727002
8501025002
8501026002
8501030002
8501051002
8501052002
8501165002
8501186002
8501286002
8501298002
8501437002
8501440002
8501441002
8501442002
8501443002
8501444002
8501445002
8501446002
8501448002
8501449002
8501453002
8501455002
8501456002
8501457002
8501458002
8501459002
8501460002
8501461002
8501463002
8501464002
8501466002
8501468002
8501469002
8501471002
8501474002
8501475002
8501478002
8501479002
8501480002
8501482002
8501484002
8501485002
8501486002
8501487002
8501489002
8501490002
8501491002
8501500002
8502342002
8502364002
8502372002
8502465002
8502529002
8502593002
8502683002
8502810002
8502816002
8502909002
8502969002
8502987002
8502993002
8503068002
8503070002
8503080002
8503145002
8503146002
8503147002
8503148002
8503445002
8503588002
8503590002
8503792002
8503886002
8504232002
8504393002
8504399002
8504443002
8504607002
8504608002
8504609002
8504666002
8504667002
8504801002
8504955002
8504990002
8505068002
8505210002
8505492002
8505529002
8505878002
8505897002
8506050002
8506061002
8506063002
8506201002
8506402002
8506485002
8506516002
8506550002
8506552002
8506618002
8506625002
8507116002
8507387002
8507530002
8507755002
8507762002
8507812002
8508027002
8508337002
8508389002
8508509002
8508760002
8508919002
8508943002
8508981002
8508998002
8509091002
8509096002
8509189002
8509230002
8509282002
8509309002
8509325002
8509534002
8509536002
8509683002
8509723002
8510071002
8510120002
8510126002
8510128002
8510205002
8510311002
8510354002
8510376002
8510406002
8510488002
8510493002
8510594002
8510596002
8510599002
8510601002
8510657002
8510676002
8510793002
8510921002
8511082002
8511084002
8511100002
8511170002
8511184002
8512133002
8512178002
8512182002
8512187002
8512221002
8512224002
8512238002
8512467002
8512471002
8512481002
8512566002
8512628002
8512766002
8512856002
8512903002
8512996002
8514430002
8514857002
8514945002
8515055002
8515112002
8515642002
8515802002
8516002002
8516003002
8516004002
8516118002
8516299002
8516438002
8516491002
8516492002
8516493002
8516541002
8516916002
8516953002
8516967002
8516983002
8516987002
8517116002
8517138002
8517214002
8517259002
8517316002
8517378002
8517435002
8517444002
8517462002
8517516002
8517534002
8517555002
8517577002
8517627002
8517644002
8518708002
8518797002
8519031002
8519256002
8519265002
8519347002
8519350002
8519354002
8519396002
8519546002
8519576002
8520088002
